30 0.09739583333333333 0.2277777777777778 0.025520833333333333 0.04537037037037037
31 0.12291666666666666 0.2277777777777778 0.025520833333333333 0.04537037037037037
32 0.1484375 0.2277777777777778 0.025520833333333333 0.04537037037037037
33 0.17395833333333333 0.2277777777777778 0.025520833333333333 0.04537037037037037
34 0.19947916666666665 0.2277777777777778 0.025520833333333333 0.04537037037037037
20 0.225 0.2277777777777778 0.025520833333333333 0.04537037037037037
21 0.25052083333333336 0.2277777777777778 0.025520833333333333 0.04537037037037037
22 0.2760416666666667 0.2277777777777778 0.025520833333333333 0.04537037037037037
23 0.3015625 0.2277777777777778 0.025520833333333333 0.04537037037037037
24 0.32708333333333334 0.2277777777777778 0.025520833333333333 0.04537037037037037
5 0.09739583333333333 0.27314814814814814 0.025520833333333333 0.04537037037037037
6 0.12291666666666666 0.27314814814814814 0.025520833333333333 0.04537037037037037
7 0.1484375 0.27314814814814814 0.025520833333333333 0.04537037037037037
8 0.17395833333333333 0.27314814814814814 0.025520833333333333 0.04537037037037037
9 0.19947916666666665 0.27314814814814814 0.025520833333333333 0.04537037037037037
0 0.225 0.27314814814814814 0.025520833333333333 0.04537037037037037
1 0.25052083333333336 0.27314814814814814 0.025520833333333333 0.04537037037037037
2 0.2760416666666667 0.27314814814814814 0.025520833333333333 0.04537037037037037
3 0.3015625 0.27314814814814814 0.025520833333333333 0.04537037037037037
4 0.32708333333333334 0.27314814814814814 0.025520833333333333 0.04537037037037037
15 0.09739583333333333 0.31851851851851853 0.025520833333333333 0.04537037037037037
16 0.12291666666666666 0.31851851851851853 0.025520833333333333 0.04537037037037037
17 0.1484375 0.31851851851851853 0.025520833333333333 0.04537037037037037
18 0.17395833333333333 0.31851851851851853 0.025520833333333333 0.04537037037037037
19 0.19947916666666665 0.31851851851851853 0.025520833333333333 0.04537037037037037
10 0.225 0.31851851851851853 0.025520833333333333 0.04537037037037037
11 0.25052083333333336 0.31851851851851853 0.025520833333333333 0.04537037037037037
12 0.2760416666666667 0.31851851851851853 0.025520833333333333 0.04537037037037037
13 0.3015625 0.31851851851851853 0.025520833333333333 0.04537037037037037
14 0.32708333333333334 0.31851851851851853 0.025520833333333333 0.04537037037037037
25 0.09739583333333333 0.36388888888888893 0.025520833333333333 0.04537037037037037
26 0.12291666666666666 0.36388888888888893 0.025520833333333333 0.04537037037037037
27 0.1484375 0.36388888888888893 0.025520833333333333 0.04537037037037037
28 0.17395833333333333 0.36388888888888893 0.025520833333333333 0.04537037037037037
29 0.19947916666666665 0.36388888888888893 0.025520833333333333 0.04537037037037037
37 0.22513020833333333 0.38680555555555557 0.02578125 0.0912037037037037
38 0.2506510416666667 0.38680555555555557 0.02578125 0.0912037037037037
36 0.2889322916666667 0.38680555555555557 0.05130208333333333 0.0912037037037037
35 0.32708333333333334 0.36388888888888893 0.025520833333333333 0.04537037037037037
29 0.09739583333333333 0.40925925925925927 0.025520833333333333 0.04537037037037037
19 0.12291666666666666 0.40925925925925927 0.025520833333333333 0.04537037037037037
14 0.1484375 0.40925925925925927 0.025520833333333333 0.04537037037037037
3 0.17395833333333333 0.40925925925925927 0.025520833333333333 0.04537037037037037
12 0.19947916666666665 0.40925925925925927 0.025520833333333333 0.04537037037037037
4 0.32708333333333334 0.40925925925925927 0.025520833333333333 0.04537037037037037
30 0.09739583333333333 0.45462962962962966 0.025520833333333333 0.04537037037037037
20 0.12291666666666666 0.45462962962962966 0.025520833333333333 0.04537037037037037
30 0.1484375 0.45462962962962966 0.025520833333333333 0.04537037037037037
28 0.17395833333333333 0.45462962962962966 0.025520833333333333 0.04537037037037037
10 0.19947916666666665 0.45462962962962966 0.025520833333333333 0.04537037037037037
32 0.225 0.45462962962962966 0.025520833333333333 0.04537037037037037
33 0.25052083333333336 0.45462962962962966 0.025520833333333333 0.04537037037037037
10 0.2760416666666667 0.45462962962962966 0.025520833333333333 0.04537037037037037
0 0.3015625 0.45462962962962966 0.025520833333333333 0.04537037037037037
34 0.32708333333333334 0.45462962962962966 0.025520833333333333 0.04537037037037037
31 0.09739583333333333 0.5 0.025520833333333333 0.04537037037037037
21 0.12291666666666666 0.5 0.025520833333333333 0.04537037037037037
1 0.1484375 0.5 0.025520833333333333 0.04537037037037037
20 0.17395833333333333 0.5 0.025520833333333333 0.04537037037037037
31 0.19947916666666665 0.5 0.025520833333333333 0.04537037037037037
1 0.225 0.5 0.025520833333333333 0.04537037037037037
18 0.25052083333333336 0.5 0.025520833333333333 0.04537037037037037
11 0.2760416666666667 0.5 0.025520833333333333 0.04537037037037037
21 0.3015625 0.5 0.025520833333333333 0.04537037037037037
5 0.32708333333333334 0.5 0.025520833333333333 0.04537037037037037
32 0.09739583333333333 0.5453703703703703 0.025520833333333333 0.04537037037037037
22 0.12291666666666666 0.5453703703703703 0.025520833333333333 0.04537037037037037
11 0.1484375 0.5453703703703703 0.025520833333333333 0.04537037037037037
7 0.17395833333333333 0.5453703703703703 0.025520833333333333 0.04537037037037037
0 0.19947916666666665 0.5453703703703703 0.025520833333333333 0.04537037037037037
2 0.225 0.5453703703703703 0.025520833333333333 0.04537037037037037
6 0.25052083333333336 0.5453703703703703 0.025520833333333333 0.04537037037037037
12 0.2760416666666667 0.5453703703703703 0.025520833333333333 0.04537037037037037
17 0.3015625 0.5453703703703703 0.025520833333333333 0.04537037037037037
7 0.32708333333333334 0.5453703703703703 0.025520833333333333 0.04537037037037037
33 0.09739583333333333 0.5907407407407407 0.025520833333333333 0.04537037037037037
23 0.12291666666666666 0.5907407407407407 0.025520833333333333 0.04537037037037037
8 0.1484375 0.5907407407407407 0.025520833333333333 0.04537037037037037
24 0.17395833333333333 0.5907407407407407 0.025520833333333333 0.04537037037037037
23 0.19947916666666665 0.5907407407407407 0.025520833333333333 0.04537037037037037
3 0.225 0.5907407407407407 0.025520833333333333 0.04537037037037037
13 0.25052083333333336 0.5907407407407407 0.025520833333333333 0.04537037037037037
13 0.2760416666666667 0.5907407407407407 0.025520833333333333 0.04537037037037037
18 0.3015625 0.5907407407407407 0.025520833333333333 0.04537037037037037
8 0.32708333333333334 0.5907407407407407 0.025520833333333333 0.04537037037037037
34 0.09739583333333333 0.6361111111111111 0.025520833333333333 0.04537037037037037
24 0.12291666666666666 0.6361111111111111 0.025520833333333333 0.04537037037037037
9 0.1484375 0.6361111111111111 0.025520833333333333 0.04537037037037037
30 0.17395833333333333 0.6361111111111111 0.025520833333333333 0.04537037037037037
22 0.19947916666666665 0.6361111111111111 0.025520833333333333 0.04537037037037037
4 0.225 0.6361111111111111 0.025520833333333333 0.04537037037037037
2 0.25052083333333336 0.6361111111111111 0.025520833333333333 0.04537037037037037
14 0.2760416666666667 0.6361111111111111 0.025520833333333333 0.04537037037037037
19 0.3015625 0.6361111111111111 0.025520833333333333 0.04537037037037037
9 0.32708333333333334 0.6361111111111111 0.025520833333333333 0.04537037037037037
