35 0.09739583333333333 0.2277777777777778 0.025520833333333333 0.04537037037037037
35 0.12291666666666666 0.2277777777777778 0.025520833333333333 0.04537037037037037
35 0.1484375 0.2277777777777778 0.025520833333333333 0.04537037037037037
35 0.17395833333333333 0.2277777777777778 0.025520833333333333 0.04537037037037037
35 0.19947916666666665 0.2277777777777778 0.025520833333333333 0.04537037037037037
15 0.225 0.2277777777777778 0.025520833333333333 0.04537037037037037
15 0.25052083333333336 0.2277777777777778 0.025520833333333333 0.04537037037037037
1 0.2760416666666667 0.2277777777777778 0.025520833333333333 0.04537037037037037
15 0.3015625 0.2277777777777778 0.025520833333333333 0.04537037037037037
0 0.32708333333333334 0.2277777777777778 0.025520833333333333 0.04537037037037037
15 0.09739583333333333 0.27314814814814814 0.025520833333333333 0.04537037037037037
5 0.1484375 0.27314814814814814 0.025520833333333333 0.04537037037037037
20 0.17395833333333333 0.27314814814814814 0.025520833333333333 0.04537037037037037
5 0.19947916666666665 0.27314814814814814 0.025520833333333333 0.04537037037037037
5 0.225 0.27314814814814814 0.025520833333333333 0.04537037037037037
15 0.3015625 0.27314814814814814 0.025520833333333333 0.04537037037037037
0 0.32708333333333334 0.27314814814814814 0.025520833333333333 0.04537037037037037
15 0.12291666666666666 0.31851851851851853 0.025520833333333333 0.04537037037037037
27 0.1484375 0.31851851851851853 0.025520833333333333 0.04537037037037037
16 0.17395833333333333 0.31851851851851853 0.025520833333333333 0.04537037037037037
0 0.25052083333333336 0.31851851851851853 0.025520833333333333 0.04537037037037037
10 0.2760416666666667 0.31851851851851853 0.025520833333333333 0.04537037037037037
0 0.3015625 0.31851851851851853 0.025520833333333333 0.04537037037037037
6 0.09739583333333333 0.36388888888888893 0.025520833333333333 0.04537037037037037
26 0.12291666666666666 0.36388888888888893 0.025520833333333333 0.04537037037037037
17 0.1484375 0.36388888888888893 0.025520833333333333 0.04537037037037037
5 0.19947916666666665 0.36388888888888893 0.025520833333333333 0.04537037037037037
5 0.25052083333333336 0.36388888888888893 0.025520833333333333 0.04537037037037037
10 0.2760416666666667 0.36388888888888893 0.025520833333333333 0.04537037037037037
5 0.3015625 0.36388888888888893 0.025520833333333333 0.04537037037037037
0 0.32708333333333334 0.36388888888888893 0.025520833333333333 0.04537037037037037
16 0.09739583333333333 0.40925925925925927 0.025520833333333333 0.04537037037037037
5 0.12291666666666666 0.40925925925925927 0.025520833333333333 0.04537037037037037
25 0.1484375 0.40925925925925927 0.025520833333333333 0.04537037037037037
30 0.17395833333333333 0.40925925925925927 0.025520833333333333 0.04537037037037037
10 0.19947916666666665 0.40925925925925927 0.025520833333333333 0.04537037037037037
5 0.225 0.40925925925925927 0.025520833333333333 0.04537037037037037
5 0.25052083333333336 0.40925925925925927 0.025520833333333333 0.04537037037037037
20 0.2760416666666667 0.40925925925925927 0.025520833333333333 0.04537037037037037
5 0.3015625 0.40925925925925927 0.025520833333333333 0.04537037037037037
0 0.32708333333333334 0.40925925925925927 0.025520833333333333 0.04537037037037037
25 0.12291666666666666 0.45462962962962966 0.025520833333333333 0.04537037037037037
25 0.1484375 0.45462962962962966 0.025520833333333333 0.04537037037037037
10 0.17395833333333333 0.45462962962962966 0.025520833333333333 0.04537037037037037
30 0.19947916666666665 0.45462962962962966 0.025520833333333333 0.04537037037037037
5 0.225 0.45462962962962966 0.025520833333333333 0.04537037037037037
15 0.2760416666666667 0.45462962962962966 0.025520833333333333 0.04537037037037037
5 0.3015625 0.45462962962962966 0.025520833333333333 0.04537037037037037
30 0.32708333333333334 0.45462962962962966 0.025520833333333333 0.04537037037037037
30 0.09739583333333333 0.5 0.025520833333333333 0.04537037037037037
30 0.12291666666666666 0.5 0.025520833333333333 0.04537037037037037
30 0.1484375 0.5 0.025520833333333333 0.04537037037037037
10 0.17395833333333333 0.5 0.025520833333333333 0.04537037037037037
20 0.19947916666666665 0.5 0.025520833333333333 0.04537037037037037
20 0.225 0.5 0.025520833333333333 0.04537037037037037
10 0.25052083333333336 0.5 0.025520833333333333 0.04537037037037037
15 0.2760416666666667 0.5 0.025520833333333333 0.04537037037037037
5 0.3015625 0.5 0.025520833333333333 0.04537037037037037
10 0.32708333333333334 0.5 0.025520833333333333 0.04537037037037037
20 0.09739583333333333 0.5453703703703703 0.025520833333333333 0.04537037037037037
5 0.12291666666666666 0.5453703703703703 0.025520833333333333 0.04537037037037037
20 0.1484375 0.5453703703703703 0.025520833333333333 0.04537037037037037
15 0.17395833333333333 0.5453703703703703 0.025520833333333333 0.04537037037037037
0 0.19947916666666665 0.5453703703703703 0.025520833333333333 0.04537037037037037
20 0.225 0.5453703703703703 0.025520833333333333 0.04537037037037037
10 0.25052083333333336 0.5453703703703703 0.025520833333333333 0.04537037037037037
10 0.3015625 0.5453703703703703 0.025520833333333333 0.04537037037037037
10 0.32708333333333334 0.5453703703703703 0.025520833333333333 0.04537037037037037
10 0.09739583333333333 0.5907407407407407 0.025520833333333333 0.04537037037037037
10 0.12291666666666666 0.5907407407407407 0.025520833333333333 0.04537037037037037
15 0.1484375 0.5907407407407407 0.025520833333333333 0.04537037037037037
20 0.17395833333333333 0.5907407407407407 0.025520833333333333 0.04537037037037037
0 0.19947916666666665 0.5907407407407407 0.025520833333333333 0.04537037037037037
20 0.225 0.5907407407407407 0.025520833333333333 0.04537037037037037
15 0.25052083333333336 0.5907407407407407 0.025520833333333333 0.04537037037037037
15 0.2760416666666667 0.5907407407407407 0.025520833333333333 0.04537037037037037
10 0.3015625 0.5907407407407407 0.025520833333333333 0.04537037037037037
10 0.32708333333333334 0.5907407407407407 0.025520833333333333 0.04537037037037037
0 0.09739583333333333 0.6361111111111111 0.025520833333333333 0.04537037037037037
5 0.12291666666666666 0.6361111111111111 0.025520833333333333 0.04537037037037037
15 0.1484375 0.6361111111111111 0.025520833333333333 0.04537037037037037
15 0.17395833333333333 0.6361111111111111 0.025520833333333333 0.04537037037037037
5 0.19947916666666665 0.6361111111111111 0.025520833333333333 0.04537037037037037
10 0.225 0.6361111111111111 0.025520833333333333 0.04537037037037037
0 0.25052083333333336 0.6361111111111111 0.025520833333333333 0.04537037037037037
10 0.2760416666666667 0.6361111111111111 0.025520833333333333 0.04537037037037037
0 0.3015625 0.6361111111111111 0.025520833333333333 0.04537037037037037
10 0.32708333333333334 0.6361111111111111 0.025520833333333333 0.04537037037037037
